TREM2 Expression Analysis Across Hypothalamic Regions
==================================================

1. One-way ANOVA results:
------------------------------
F-statistic: 302.3497
p-value: 2.5831e-04

2. Regional Expression Summary:
------------------------------
        count      mean       std
Region                           
Arc      2263 -0.252894  1.039625
LHA       245 -0.312467  0.966438
MBH       360 -1.375478  0.603620
MnPO        3 -1.241034  0.057216
POA       603  0.095659  0.770518
PVN       512  0.295870  0.799355
SCN      2552  0.436326  0.689131
VMH       871 -0.925820  0.733802
VMHvl    4467  0.144747  1.005158
VPH       476 -0.031757  0.962708

3. Pairwise Comparisons:
------------------------------
   Region1 Region2        Mean1        Mean2    N1    N2  t_statistic      p_value     cohens_d  p_value_adj
20     MBH     SCN  -1.3755e+00   4.3633e-01   360  2552  -4.7384e+01   0.0000e+00  -2.6677e+00   0.0000e+00
39     SCN     VMH   4.3633e-01  -9.2582e-01  2552   871   4.9534e+01   0.0000e+00   1.9438e+00   0.0000e+00
42     VMH   VMHvl  -9.2582e-01   1.4475e-01   871  4467  -2.9916e+01  6.2365e-182  -1.1081e+00  9.3548e-181
22     MBH   VMHvl  -1.3755e+00   1.4475e-01   360  4467  -2.8286e+01  5.3345e-163  -1.5497e+00  6.0014e-162
19     MBH     PVN  -1.3755e+00   2.9587e-01   360   512  -3.3515e+01  8.5924e-159  -2.3052e+00  7.7331e-158
5      Arc     SCN  -2.5289e-01   4.3633e-01  2263  2552  -2.7386e+01  1.3912e-153  -7.9076e-01  1.0434e-152
18     MBH     POA  -1.3755e+00   9.5659e-02   360   603  -3.0989e+01  9.7641e-147  -2.0640e+00  6.2770e-146
36     PVN     VMH   2.9587e-01  -9.2582e-01   512   871   2.8914e+01  3.8931e-144   1.6102e+00  2.1899e-143
32     POA     VMH   9.5659e-02  -9.2582e-01   603   871   2.5742e+01  5.8234e-121   1.3637e+00  2.9117e-120
23     MBH     VPH  -1.3755e+00  -3.1757e-02   360   476  -2.3249e+01   1.4407e-92  -1.6239e+00   6.4830e-92
1      Arc     MBH  -2.5289e-01  -1.3755e+00  2263   360   1.9957e+01   1.3033e-82   1.1324e+00   5.3316e-82
43     VMH     VPH  -9.2582e-01  -3.1757e-02   871   476  -1.9083e+01   4.9076e-72  -1.0877e+00   1.8403e-71
6      Arc     VMH  -2.5289e-01  -9.2582e-01  2263   871   1.7498e+01   1.7534e-65   6.9773e-01   6.0696e-65
13     LHA     SCN  -3.1247e-01   4.3633e-01   245  2552  -1.5601e+01   1.1251e-52  -1.0434e+00   3.6165e-52
9      LHA     MBH  -3.1247e-01  -1.3755e+00   245   360   1.6641e+01   1.8850e-51   1.3783e+00   5.6549e-51
7      Arc   VMHvl  -2.5289e-01   1.4475e-01  2263  4467  -1.5155e+01   4.8301e-51  -3.9104e-01   1.3585e-50
40     SCN   VMHvl   4.3633e-01   1.4475e-01  2552  4467   1.3011e+01   2.9344e-38   3.2285e-01   7.7677e-38
41     SCN     VPH   4.3633e-01  -3.1757e-02  2552   476   1.2690e+01   5.4699e-36   6.3356e-01   1.3675e-35
4      Arc     PVN  -2.5289e-01   2.9587e-01  2263   512  -1.1217e+01   1.3805e-28  -5.4893e-01   3.2697e-28
31     POA     SCN   9.5659e-02   4.3633e-01   603  2552  -1.0666e+01   4.0764e-26  -4.8294e-01   9.1718e-26
14     LHA     VMH  -3.1247e-01  -9.2582e-01   245   871   1.0727e+01   1.2833e-25   7.7577e-01   2.7500e-25
21     MBH     VMH  -1.3755e+00  -9.2582e-01   360   871  -1.0277e+01   7.9557e-24  -6.4394e-01   1.6273e-23
12     LHA     PVN  -3.1247e-01   2.9587e-01   245   512  -9.1384e+00   5.7418e-19  -7.0991e-01   1.1234e-18
3      Arc     POA  -2.5289e-01   9.5659e-02  2263   603  -7.6889e+00   2.0249e-14  -3.5237e-01   3.7967e-14
15     LHA   VMHvl  -3.1247e-01   1.4475e-01   245  4467  -6.9458e+00   4.2747e-12  -4.5576e-01   7.6945e-12
11     LHA     POA  -3.1247e-01   9.5659e-02   245   603  -6.4764e+00   1.5917e-10  -4.9067e-01   2.7549e-10
38     PVN     VPH   2.9587e-01  -3.1757e-02   512   476   5.8352e+00   7.2840e-09   3.7153e-01   1.2140e-08
8      Arc     VPH  -2.5289e-01  -3.1757e-02  2263   476  -4.2714e+00   2.0087e-05  -2.1539e-01   3.2282e-05
30     POA     PVN   9.5659e-02   2.9587e-01   603   512  -4.2500e+00   2.3167e-05  -2.5541e-01   3.5948e-05
26    MnPO     SCN  -1.2410e+00   4.3633e-01     3  2552  -4.2150e+00   2.5845e-05  -2.4350e+00   3.8767e-05
35     PVN     SCN   2.9587e-01   4.3633e-01   512  2552  -4.0926e+00   4.3763e-05  -1.9818e-01   6.3527e-05
16     LHA     VPH  -3.1247e-01  -3.1757e-02   245   476  -3.7035e+00   2.2895e-04  -2.9120e-01   3.2197e-04
44   VMHvl     VPH   1.4475e-01  -3.1757e-02  4467   476   3.6565e+00   2.5831e-04   1.7630e-01   3.5224e-04
25    MnPO     PVN  -1.2410e+00   2.9587e-01     3   512  -3.3269e+00   9.4108e-04  -1.9264e+00   1.2455e-03
37     PVN   VMHvl   2.9587e-01   1.4475e-01   512  4467   3.2849e+00   1.0272e-03   1.5327e-01   1.3207e-03
24    MnPO     POA  -1.2410e+00   9.5659e-02     3   603  -3.0023e+00   2.7906e-03  -1.7377e+00   3.4883e-03
34     POA     VPH   9.5659e-02  -3.1757e-02   603   476   2.4148e+00   1.5910e-02   1.4806e-01   1.9350e-02
28    MnPO   VMHvl  -1.2410e+00   1.4475e-01     3  4467  -2.3877e+00   1.6997e-02  -1.3790e+00   2.0129e-02
29    MnPO     VPH  -1.2410e+00  -3.1757e-02     3   476  -2.1734e+00   3.0243e-02  -1.2588e+00   3.4895e-02
10     LHA    MnPO  -3.1247e-01  -1.2410e+00   245     3   1.6608e+00   9.8023e-02   9.6473e-01   1.0967e-01
2      Arc    MnPO  -2.5289e-01  -1.2410e+00  2263     3   1.6459e+00   9.9921e-02   9.5090e-01   1.0967e-01
33     POA   VMHvl   9.5659e-02   1.4475e-01   603  4467  -1.1543e+00   2.4844e-01  -5.0078e-02   2.6619e-01
0      Arc     LHA  -2.5289e-01  -3.1247e-01  2263   245   8.5768e-01   3.9115e-01   5.7685e-02   4.0934e-01
27    MnPO     VMH  -1.2410e+00  -9.2582e-01     3   871  -7.4359e-01   4.5732e-01  -4.3005e-01   4.6772e-01
17     MBH    MnPO  -1.3755e+00  -1.2410e+00   360     3  -3.8524e-01   7.0029e-01  -2.2334e-01   7.0029e-01